13.343
9.51
5.537
3.565
11.173
6.965
4.287
9.146
38.704
5.862
6.497
27.9
7.399
7.114
13.351
24.188
13.918
126.232
8.998
45.408
13.41
12.797
13.12
8.421
29.734
56.014
19.692
8.246
4.825
10.86
11.422
14.362
5.763
7.363
17.46
24.847
5.684
11.055
7.426
7.163
9.44
18.903
3.162
7.744
6.942
3.672
6.949
13.406
3.135
4.372
5.743
12.706
9.55
12.511
4.969
5.221
4.516
23.43
5.127
4.872
6.52
8.787
14.291
13.335
4.303
4.68
11.78
5.645
11.349
6.942
11.219
15.375
13.562
14.062
16.937
3.445
13.266
15.114
7.069
4.903
4.101
32.333
18.395
4.705
8.981
4.367
17.559
6.546
37.361
9.535
18.078
5.892
12.797
7.809
11.624
13.209
6.207
5.556
18.293
