2.44
12.467
10.746
8.297
29.355
4.039
1.784
5.53
1.666
5.875
47.218
0.786
6.288
10.091
12.393
3.113
23.219
29.68
19.657
14.587
5.018
0.207
5.999
18.674
24.171
12.763
13.731
11.43
3.302
6.088
3.837
1.043
5.616
9.457
2.365
2.844
4.787
3.492
4.038
0.635
2.658
4.336
19.946
8.941
1.437
0.671
3.652
15.697
7.901
3.055
9.401
2.133
2.225
6.257
7.458
7.905
2.972
8.778
11.062
4.842
5.79
1.081
5.884
2.155
7.022
6.783
0.987
2.782
2.606
6.961
10.8
24.674
4.412
13.056
0.06
1.052
13.639
2.38
3.276
31.593
4.346
16.455
7.84
0.941
2.613
20.503
2.622
10.038
20.713
1.222
11.003
22.593
9.522
6.011
8.764
2.862
9.218
3.782
0.611
1.59
