0.541
0.18
0.291
0.303
0.244
0.377
0.193
0.134
0.057
0.382
0.227
0.104
0.046
0.076
0.04
0.126
0.062
0.058
0.076
0.178
0.123
0.132
0.162
0.097
0.037
0.094
0.112
0.101
0.032
0.03
0.027
0.071
0.026
0.116
0.031
0.22
0.068
0.026
0.016
0.075
0.039
0.068
0.037
0.042
0.136
0.056
0.054
0.067
0.035
0.02
0.103
0.025
0.137
0.027
0.068
0.022
0.033
0.16
0.042
0.107
0.042
0.03
0.029
0.041
0.083
0.047
0.121
0.044
0.092
0.025
0.093
0.021
0.022
0.055
0.09
0.033
0.018
0.322
0.064
0.023
0.036
0.03
0.134
0.026
0.078
0.103
0.051
0.032
0.061
0.104
0.077
0.118
0.056
0.024
0.027
0.153
0.026
0.083
0.04
0.067
