0.106
0.014
0.012
0.012
0.013
0.017
0.022
0.019
0.014
0.013
0.012
0.012
0.016
0.012
0.012
0.012
0.012
0.015
0.014
0.012
0.013
0.013
0.013
0.012
0.013
0.027
0.012
0.012
0.018
0.021
0.02
0.019
0.015
0.017
0.011
0.012
0.013
0.011
0.012
0.012
0.011
0.016
0.012
0.012
0.013
0.012
0.011
0.012
0.011
0.012
0.011
0.013
0.012
0.011
0.014
0.012
0.012
0.011
0.011
0.011
0.013
0.02
0.012
0.011
0.012
0.011
0.011
0.013
0.013
0.012
0.011
0.011
0.012
0.011
0.011
0.011
0.019
0.014
0.011
0.012
0.011
0.013
0.011
0.011
0.011
0.012
